rr24_OP: 6 parts
Part 0: 76, 29, 44, 34, 66
Part 1: 59, 14, 35, 54, 67, 56, 21, 68, 87, 40, 9, 31, 13
Part 2: 22, 63, 43, 69, 26, 5, 65
Part 3: 61, 18, 17, 86, 46
Part 4: 80, 91, 10, 33
Part 5: 50, 51, 37, 12, 83, 6
rRMSE: 0.22333546893157336

rr24_CZH: 5 parts
Part 0: 80, 59, 76, 12, 40, 31
Part 1: 50, 35, 61, 10, 56, 21, 17, 33, 5, 83, 6, 66
Part 2: 68, 63, 43
Part 3: 51, 54, 69, 34
Part 4: 14, 29, 22, 91, 67, 44, 37, 18, 86, 87, 46, 26, 65, 9, 13
rRMSE: 0.20343545126434906

rr24_BTH: 4 parts
Part 0: 80, 59, 50, 76, 22, 61, 91, 56, 44, 37, 68, 17, 86, 69, 33, 46, 65, 9, 31, 66
Part 1: 14, 51, 29, 35, 10, 54, 67, 12, 5, 6
Part 2: 18, 21, 87, 43, 40, 34
Part 3: 63, 26, 13, 83
rRMSE: 0.24759659928524555

rr24_TS: 4 parts
Part 0: 80, 59, 76, 21, 63, 43, 69, 26, 9, 13
Part 1: 50, 29, 56, 68, 87, 12, 5, 40, 34, 83, 6, 66
Part 2: 14, 51, 22, 35, 61, 10, 54, 67, 44, 37, 18, 17, 86, 33, 46, 31
Part 3: 91, 65
rRMSE: 0.17937545630851967

rr24_BTP: 5 parts
Part 0: 80, 59, 14, 76, 51, 29, 91, 10, 67, 56, 44, 68, 17, 86, 87, 33, 46, 12, 5, 65, 9, 34, 13, 66
Part 1: 43, 69, 83
Part 2: 18, 21, 63, 26, 40
Part 3: 54, 6
Part 4: 50, 22, 35, 61, 37, 31
rRMSE: 0.2677979953434219

rr24_BDP: 6 parts
Part 0: 80, 29, 87, 12, 5, 9
Part 1: 22, 17, 31
Part 2: 91, 44, 18, 33, 40
Part 3: 35, 10, 56
Part 4: 51, 37, 86
Part 5: 59, 50, 14, 76, 61, 54, 67, 21, 68, 63, 43, 69, 46, 26, 65, 34, 13, 83, 6, 66
rRMSE: 0.20794727625856932

rr24_BDH: 6 parts
Part 0: 80, 29, 87, 12, 5, 9
Part 1: 22, 17, 31
Part 2: 91, 44, 18, 33, 40
Part 3: 35, 10, 56
Part 4: 51, 37, 86
Part 5: 59, 50, 14, 76, 61, 54, 67, 21, 68, 63, 43, 69, 46, 26, 65, 34, 13, 83, 6, 66
rRMSE: 0.20779224197248236

rr24_OH: 7 parts
Part 0: 59, 14, 76, 35, 18, 86, 12, 5, 34
Part 1: 43, 26, 83
Part 2: 80, 51, 54, 56, 6
Part 3: 68
Part 4: 50, 29, 22, 61, 91, 10, 67, 44, 37, 87, 69, 65, 9, 13
Part 5: 66
Part 6: 21, 17, 63, 33, 46, 40, 31
rRMSE: 0.19443209431381056

rr24_MA: 4 parts
Part 0: 80, 59, 14, 51, 35, 61, 91, 54, 67, 56, 44, 21, 17, 86, 87, 63, 33, 12, 65, 9, 13, 6
Part 1: 76, 43, 69, 46, 26, 5, 34, 66
Part 2: 40, 31
Part 3: 50, 29, 22, 10, 37, 18, 68, 83
rRMSE: 0.2026152921001993

t_avg_OP: 3 parts
Part 0: 50, 22, 35, 67, 56, 68, 87, 12, 34, 66
Part 1: 29, 63, 69, 26, 5, 40, 65, 31, 13, 6
Part 2: 80, 59, 14, 76, 51, 61, 91, 10, 54, 44, 37, 18, 21, 17, 86, 43, 33, 46, 9, 83
rRMSE: 0.22465601771671612

t_avg_CZH: 5 parts
Part 0: 29, 91, 18, 17, 86, 26, 40, 9
Part 1: 80, 59, 50, 14, 54, 63, 69, 12
Part 2: 76, 51, 22, 10, 56, 21, 33, 34, 83
Part 3: 61, 44, 37, 87, 46
Part 4: 35, 67, 68, 43, 5, 65, 31, 13, 6, 66
rRMSE: 0.2014394312352342

t_avg_BTH: 4 parts
Part 0: 35, 61, 91, 56, 44, 37, 18, 21, 17, 86, 87, 69, 33, 46, 5, 65, 9, 31, 34, 13, 83, 66
Part 1: 63, 43, 12, 26
Part 2: 80, 59, 50, 76, 29, 22, 40, 6
Part 3: 14, 51, 10, 54, 67, 68
rRMSE: 0.22647457278408764

t_avg_TS: 4 parts
Part 0: 80, 59, 22, 35, 91, 10, 54, 67, 44, 37, 18, 21, 17, 86, 63, 43, 33, 26, 9, 31, 83, 66
Part 1: 50, 14, 76, 51, 61, 87, 69, 46, 12, 6
Part 2: 29, 56, 68, 5, 13
Part 3: 40, 65, 34
rRMSE: 0.18535949891479492

t_avg_BTP: 5 parts
Part 0: 50, 76, 29, 22, 35, 61, 91, 56, 44, 37, 18, 21, 17, 86, 87, 43, 69, 33, 40, 9, 34, 13, 83, 66
Part 1: 63, 12, 26, 5
Part 2: 80, 59, 14, 65
Part 3: 51, 10, 54, 67, 68, 46, 31
Part 4: 6
rRMSE: 0.24901140051217646

t_avg_BDP: 5 parts
Part 0: 59, 50, 14, 76, 61, 54, 67, 37, 18, 21, 68, 17, 63, 43, 69, 33, 46, 26, 40, 65, 34, 13, 83, 6, 66
Part 1: 44, 9, 31
Part 2: 51, 29, 22, 35, 56
Part 3: 10, 86, 87, 12, 5
Part 4: 80, 91
rRMSE: 0.20197630306482092

t_avg_BDH: 5 parts
Part 0: 59, 50, 14, 76, 61, 54, 67, 37, 18, 21, 68, 17, 63, 43, 69, 33, 46, 26, 40, 65, 34, 13, 83, 6, 66
Part 1: 44, 9, 31
Part 2: 51, 29, 22, 35, 56
Part 3: 10, 86, 87, 12, 5
Part 4: 80, 91
rRMSE: 0.20030182194309432

t_avg_OH: 5 parts
Part 0: 63, 12, 26, 5, 34, 6
Part 1: 14, 76, 51, 29, 35, 61, 91, 10, 54, 44, 37, 18, 21, 86, 87, 69, 33, 9, 31
Part 2: 46, 65, 83, 66
Part 3: 50, 22, 56, 17, 43, 40, 13
Part 4: 80, 59, 67, 68
rRMSE: 0.17911366651024638

t_avg_MA: 5 parts
Part 0: 80, 59, 50, 51, 29, 22, 35, 61, 91, 10, 54, 67, 56, 44, 21, 68, 17, 87, 63, 43, 40, 65, 13, 83, 6
Part 1: 14, 76, 37, 18, 86, 69, 33, 46, 12, 26, 9, 31
Part 2: 34
Part 3: 5
Part 4: 66
rRMSE: 0.1784564479731321
