rr24_OP: 3 parts
Method: l1_complete
Part 0: 80, 59, 50, 14, 76, 51, 61, 91, 54, 67, 56, 44, 37, 18, 68, 17, 86, 33, 46, 40, 9, 31, 13
Part 1: 29, 22, 35, 21, 87, 63, 43, 69, 12, 26, 5, 65, 34, 83, 66
Part 2: 10, 6
rRMSE: 0.22333831997888462

rr24_CZH: 3 parts
Method: manhattan_complete
Part 0: 50, 76, 51, 35, 10, 54, 67, 56, 21, 68, 86, 63, 69, 26, 5, 65, 34, 6, 66
Part 1: 14, 29, 22, 61, 91, 44, 37, 18, 17, 87, 13, 83
Part 2: 80, 59, 43, 33, 46, 12, 40, 9, 31
rRMSE: 0.2026975665134739

rr24_BTH: 4 parts
Method: cosine_average
Part 0: 59, 50, 35, 91, 10, 54, 67, 56, 68, 17, 86, 63, 5, 83, 66
Part 1: 61, 44, 37, 18, 87, 46, 26, 65, 9, 31, 13
Part 2: 80, 14, 76, 51, 29, 22, 21, 43, 12, 40, 34
Part 3: 69, 33, 6
rRMSE: 0.2504104491825087

rr24_TS: 4 parts
Method: manhattan_complete
Part 0: 80, 76, 51, 22, 61, 10, 44, 21, 63, 43, 26, 9
Part 1: 59, 50, 14, 35, 54, 37, 18, 68, 46, 12, 31, 34, 83, 6, 66
Part 2: 91, 67, 17, 86, 33, 65, 13
Part 3: 29, 56, 87, 69, 5, 40
rRMSE: 0.19340631592300156

rr24_BTP: 3 parts
Method: l1_complete
Part 0: 50, 29, 22, 35, 61, 91, 10, 54, 67, 44, 37, 68, 17, 86, 87, 33, 12, 5, 40, 65, 9, 31, 34, 83, 6, 66
Part 1: 80, 59, 14, 76, 51, 63, 46
Part 2: 56, 18, 21, 43, 69, 26, 13
rRMSE: 0.28396418967857917

rr24_BDP: 3 parts
Method: euclidean_ward
Part 0: 80, 91, 10, 44, 37, 18, 86, 87, 33, 12, 5, 40, 13, 83
Part 1: 51, 29, 22, 35, 56, 17, 9, 31
Part 2: 59, 50, 14, 76, 61, 54, 67, 21, 68, 63, 43, 69, 46, 26, 65, 34, 6, 66
rRMSE: 0.22829938230394434

rr24_BDH: 6 parts
Method: euclidean_ward
Part 0: 51, 29, 9, 31
Part 1: 22, 35, 56, 17
Part 2: 91, 44, 33, 40
Part 3: 37, 18, 86, 83
Part 4: 80, 10, 87, 12, 5, 13
Part 5: 59, 50, 14, 76, 61, 54, 67, 21, 68, 63, 43, 69, 46, 26, 65, 34, 6, 66
rRMSE: 0.21095723394974636

rr24_OH: 6 parts
Method: manhattan_average
Part 0: 80, 76, 51, 56, 68, 34
Part 1: 14, 35, 61, 91, 67, 44, 37, 18, 17, 86, 43, 69, 33, 46, 26, 5, 65, 9, 83
Part 2: 29, 22, 54, 21, 87, 63, 12, 40, 31, 13
Part 3: 10, 6
Part 4: 66
Part 5: 59, 50
rRMSE: 0.20195847677345038

rr24_MA: 6 parts
Method: euclidean_ward
Part 0: 76, 40, 31, 83, 6, 66
Part 1: 29, 22, 37, 18, 63, 43, 46, 5, 34
Part 2: 50, 67, 44, 21, 68, 86, 33
Part 3: 51, 61, 91, 56, 65
Part 4: 80, 10, 54, 17, 87, 12, 9, 13
Part 5: 59, 14, 35, 69, 26
rRMSE: 0.18971560074714533

t_avg_OP: 6 parts
Method: l1_average
Part 0: 22, 35, 56
Part 1: 80, 59, 14, 76, 51, 91, 10, 54, 44, 37, 18, 21, 17, 86, 33, 46, 9, 31, 83
Part 2: 29, 26, 5, 13, 6
Part 3: 67, 68, 87
Part 4: 50, 61, 63, 43, 69, 12, 40, 65, 34
Part 5: 66
rRMSE: 0.19949248590701188

t_avg_CZH: 6 parts
Method: l2_complete
Part 0: 51, 43, 40, 65, 34, 83
Part 1: 76, 22, 61, 91, 44, 37, 21, 87, 33, 46, 26, 9, 13
Part 2: 50, 54, 68, 5
Part 3: 80, 59, 29
Part 4: 10, 63, 69, 12, 31
Part 5: 14, 35, 67, 56, 18, 17, 86, 6, 66
rRMSE: 0.18370392040482947

t_avg_BTH: 3 parts
Method: l1_average
Part 0: 80, 59, 50, 14, 51, 29, 22, 10, 54, 67, 68, 63, 43, 66
Part 1: 65, 6
Part 2: 76, 35, 61, 91, 56, 44, 37, 18, 21, 17, 86, 87, 69, 33, 46, 12, 26, 5, 40, 9, 31, 34, 13, 83
rRMSE: 0.25049659872921043

t_avg_TS: 4 parts
Method: l2_complete
Part 0: 29, 56, 68, 5, 65, 34
Part 1: 35, 61, 91, 10, 54, 67, 44, 18, 21, 17, 86, 43, 33, 46, 26, 9, 13, 66
Part 2: 50, 14, 51, 37, 87, 63, 69, 12, 40, 31, 83, 6
Part 3: 80, 59, 76, 22
rRMSE: 0.19163003267313397

t_avg_BTP: 3 parts
Method: euclidean_ward
Part 0: 80, 59, 50, 14, 76, 51, 22, 10, 54, 67, 68, 46, 31
Part 1: 35, 61, 91, 56, 44, 37, 18, 21, 17, 86, 87, 33, 40, 65, 9, 34, 13, 83, 6, 66
Part 2: 29, 63, 43, 69, 12, 26, 5
rRMSE: 0.24763557539112868

t_avg_BDP: 3 parts
Method: euclidean_ward
Part 0: 80, 51, 22, 91, 37, 18, 17, 86, 87, 33, 5, 40, 9, 31, 13
Part 1: 29, 35, 10, 56, 44
Part 2: 59, 50, 14, 76, 61, 54, 67, 21, 68, 63, 43, 69, 46, 12, 26, 65, 34, 83, 6, 66
rRMSE: 0.22472612247494564

t_avg_BDH: 3 parts
Method: euclidean_ward
Part 0: 80, 51, 22, 91, 37, 18, 17, 86, 87, 33, 5, 40, 9, 31, 13
Part 1: 29, 35, 10, 56, 44
Part 2: 59, 50, 14, 76, 61, 54, 67, 21, 68, 63, 43, 69, 46, 12, 26, 65, 34, 83, 6, 66
rRMSE: 0.2247953068977366

t_avg_OH: 3 parts
Method: euclidean_ward
Part 0: 76, 51, 29, 61, 91, 10, 54, 44, 37, 18, 21, 86, 87, 69, 33, 12, 9
Part 1: 80, 59, 50, 14, 22, 35, 67, 56, 68, 17, 46, 65, 83, 66
Part 2: 63, 43, 26, 5, 40, 31, 34, 13, 6
rRMSE: 0.2007594769761325

t_avg_MA: 5 parts
Method: l1_complete
Part 0: 14, 51, 22, 35, 61, 91, 10, 54, 67, 44, 18, 21, 17, 86, 87, 69, 33, 46, 12, 26, 9, 31, 34, 13, 66
Part 1: 76, 5
Part 2: 80, 59, 50, 29, 56
Part 3: 40, 65
Part 4: 37, 68, 63, 43, 83, 6
rRMSE: 0.19434876456939135
