OP: 4 parts
Method: euclidean_ward
Part 0: 29, 22, 35, 67, 56, 68, 87, 12, 34, 66
Part 1: 50, 14, 44, 37, 17, 86, 43, 69, 46, 5, 9, 31, 83, 6
Part 2: 80, 59, 76, 51, 61, 91, 10, 54, 18, 21, 33, 40
Part 3: 63, 26, 65, 13
rRMSE: 0.21708788309595986

CZH: 3 parts
Method: l1_complete
Part 0: 80, 14, 76, 51, 35, 91, 10, 54, 56, 21, 63, 43, 69, 33, 46, 26, 40, 31, 34, 13, 83
Part 1: 22, 61, 44, 37, 18, 17, 86, 87, 65, 9
Part 2: 59, 50, 29, 67, 68, 12, 5
rRMSE: 0.20038471208141337

BTH: 7 parts
Method: euclidean_average
Part 0: 76, 29, 91, 56, 44, 37, 18, 21, 17, 86, 87, 69, 33, 46, 40, 65, 9, 31, 34, 13, 66
Part 1: 80, 59, 50, 14, 22, 68
Part 2: 26, 83
Part 3: 54, 63, 6
Part 4: 51, 35, 61, 10, 67
Part 5: 5
Part 6: 43, 12
rRMSE: 0.20664258063365154

TS: 4 parts
Method: l2_complete
Part 0: 80, 91, 10, 54, 67, 44, 37, 18, 21, 17, 86, 63, 33, 65, 9, 31, 13
Part 1: 29, 56, 68, 87, 5, 34
Part 2: 59, 14, 76, 51, 22, 35, 61, 69, 46, 12, 40
Part 3: 43, 26, 83, 66
rRMSE: 0.17898238021610863

BTP: 3 parts
Method: cosine_average
Part 0: 80, 59, 76, 51, 10, 54, 67, 68, 46, 83, 6
Part 1: 50, 14, 29, 22, 35, 61, 91, 56, 44, 37, 18, 21, 17, 86, 87, 33, 12, 5, 40, 65, 9, 31, 13
Part 2: 63, 43, 69, 26
rRMSE: 0.233076394049523

BDP: 5 parts
Method: euclidean_ward
Part 0: 35, 10, 56, 44
Part 1: 51, 22, 37, 17, 86, 40, 31
Part 2: 29, 87, 12, 5
Part 3: 80, 91, 18, 33
Part 4: 9, 13, 83
rRMSE: 0.17130009390896828

BDH: 5 parts
Method: euclidean_ward
Part 0: 35, 10, 56, 44
Part 1: 51, 22, 37, 17, 86, 40, 31
Part 2: 29, 87, 12, 5
Part 3: 80, 91, 18, 33
Part 4: 9, 13, 83
rRMSE: 0.17091427986936317

OH: 3 parts
Method: l1_average
Part 0: 80, 59, 50, 14, 76, 51, 29, 22, 35, 61, 91, 10, 54, 67, 56, 44, 37, 18, 21, 68, 17, 86, 87, 69, 33, 46, 40, 65, 9, 31, 6
Part 1: 66
Part 2: 63, 43, 12, 26, 5, 34, 13, 83
rRMSE: 0.1907142019867218

MA: 5 parts
Method: l1_average
Part 0: 80, 59, 14, 51, 35, 61, 91, 10, 54, 67, 56, 44, 21, 17, 86, 87, 69, 33, 12, 26, 9, 13
Part 1: 50, 29, 68, 63, 65, 83
Part 2: 76, 22, 37, 18, 43, 46, 40, 31, 66
Part 3: 5
Part 4: 34
rRMSE: 0.181243064985026
