rr24 t_avg alc 4
0.198650120665626
(72, 4)
0.2995354688282655
(16, 6)
0.09599459981769856
(48, 13)
0.20465558183711755
(16, 10)


rr24 t_avg knn 4
0.20013715472150923
(68, 10)
0.2615278157037317
(20, 4)
0.08552083907346007
(44, 7)
0.24232075757764
(20, 8)


rr24 t_avg alc 5
0.09599459981769856
(48, 13)
0.2995354688282655
(16, 6)
0.19071328348045372
(56, 8)
0.20465558183711755
(16, 10)
0.20936970128134794
(12, 3)


rr24 t_avg knn 5
0.20465558183711755
(16, 10)
0.17703249866916043
(40, 7)
0.06593619641581158
(20, 5)
0.2995354688282655
(16, 6)
0.17119547981753927
(48, 3)


rr24 t_avg alc 4 var
0.2995354688282655
(16, 6)
0.10185885771320627
(52, 4)
0.19894966955893725
(64, 11)
0.24232075757764
(20, 8)


rr24 t_avg knn 4 var
0.24232075757764
(20, 8)
0.08552083907346007
(44, 7)
0.2995354688282655
(16, 6)
0.1814119099369787
(68, 5)


rr24 t_avg alc 5 var
0.2995354688282655
(16, 6)
0.11379490448010136
(36, 10)
0.19506247882694086
(68, 10)
0.24232075757764
(20, 8)
0.04845393218493359
(12, 7)


rr24 t_avg knn 5 var
0.24232075757764
(20, 8)
0.08846782980126736
(40, 13)
0.2995354688282655
(16, 6)
0.20239322035848475
(40, 11)
0.15404987031402934
(36, 7)


rr24 t_avg alc 4 pca
0.198650120665626
(72, 4)
0.2995354688282655
(16, 6)
0.09599459981769856
(48, 13)
0.20465558183711755
(16, 10)


rr24 t_avg knn 4 pca
0.09348901188578271
(44, 11)
0.19021800832997715
(32, 10)
0.2995354688282655
(16, 6)
0.19673665287417336
(60, 13)


rr24 t_avg alc 5 pca
0.09599459981769856
(48, 13)
0.2995354688282655
(16, 6)
0.19071328348045372
(56, 8)
0.20465558183711755
(16, 10)
0.20936970128134794
(12, 3)


rr24 t_avg knn 5 pca
0.08846782980126736
(40, 13)
0.2995354688282655
(16, 6)
0.24517265562088256
(12, 7)
0.17772702064592846
(52, 7)
0.2238809854741206
(28, 3)

